mc	mn	quarterbeats	quarterbeats_all_endings	duration_qb	mc_onset	mn_onset	event	timesig	staff	voice	duration	gracenote	nominal_duration	scalar	chord_id	articulation	staff_text	tempo	qpm	metronome_base	metronome_number	tempo_visible	thoroughbass_duration	thoroughbass_level_1	thoroughbass_level_2	thoroughbass_level_3	slur
1	0	0	0	0.0	0	3/8	StaffText	2/4	1	1	0						Tres Viste										
1	0	0	0	0.0	0	3/8	Tempo	2/4	1	1	0							𝅘𝅥=90	90.0	𝅘𝅥	90.0	0.0					
1	0	0	0	0.5	0	3/8	Chord	2/4	1	1	1/8		1/8	1	0												
2	1	1/2	1/2	0.5	0	0	Chord	2/4	1	1	1/8		1/8	1	1	ornamentShortTrill											
2	1	1	1	0.25	1/8	1/8	Chord	2/4	1	1	1/16		1/16	1	2												
2	1	5/4	5/4	0.25	3/16	3/16	Chord	2/4	1	1	1/16		1/16	1	3												
2	1	3/2	3/2	0.5	1/4	1/4	Chord	2/4	1	1	1/8		1/8	1	4												
2	1	2	2	0.5	3/8	3/8	Chord	2/4	1	1	1/8		1/8	1	5												
2	1	2	2	0.5	3/8	3/8	Chord	2/4	2	1	1/8		1/8	1	6												
3	2	5/2	5/2	0.5	0	0	Chord	2/4	1	1	1/8		1/8	1	7	ornamentShortTrill											
3	2	3	3	0.5	1/8	1/8	Chord	2/4	1	1	1/8		1/8	1	8												
3	2	15/4	15/4	0.25	5/16	5/16	Chord	2/4	1	1	1/16		1/16	1	9												
3	2	4	4	0.25	3/8	3/8	Chord	2/4	1	1	1/16		1/16	1	10												
3	2	17/4	17/4	0.25	7/16	7/16	Chord	2/4	1	1	1/16		1/16	1	11												
3	2	5/2	5/2	0.5	0	0	Chord	2/4	2	1	1/8		1/8	1	12												0
3	2	3	3	0.25	1/8	1/8	Chord	2/4	2	1	1/16		1/16	1	13												0
3	2	13/4	13/4	0.25	3/16	3/16	Chord	2/4	2	1	1/16		1/16	1	14												0
3	2	7/2	7/2	0.5	1/4	1/4	Chord	2/4	2	1	1/8		1/8	1	15												0
3	2	4	4	0.5	3/8	3/8	Chord	2/4	2	1	1/8		1/8	1	16												
4	3	9/2	9/2	0.5	0	0	Chord	2/4	1	1	1/8		1/8	1	17												1
4	3	5	5	0.25	1/8	1/8	Chord	2/4	1	1	1/16		1/16	1	18	ornamentShortTrill											
4	3	21/4	21/4	0.25	3/16	3/16	Chord	2/4	1	1	1/16		1/16	1	19												
4	3	11/2	11/2	0.25	1/4	1/4	Chord	2/4	1	1	1/16		1/16	1	20												
4	3	23/4	23/4	0.25	5/16	5/16	Chord	2/4	1	1	1/16		1/16	1	21												
4	3	6	6	0.25	3/8	3/8	Chord	2/4	1	1	1/16		1/16	1	22												
4	3	25/4	25/4	0.25	7/16	7/16	Chord	2/4	1	1	1/16		1/16	1	23												
4	3	9/2	9/2	0.0	0	0	FiguredBass	2/4	2	1	0												1/4	6_			
4	3	9/2	9/2	0.5	0	0	Chord	2/4	2	1	1/8		1/8	1	24	ornamentShortTrill											
4	3	5	5	0.5	1/8	1/8	Chord	2/4	2	1	1/8		1/8	1	25												
4	3	23/4	23/4	0.25	5/16	5/16	Chord	2/4	2	1	1/16		1/16	1	26												
4	3	6	6	0.25	3/8	3/8	Chord	2/4	2	1	1/16		1/16	1	27												
4	3	25/4	25/4	0.25	7/16	7/16	Chord	2/4	2	1	1/16		1/16	1	28												
5	4	13/2	13/2	1.0	0	0	Chord	2/4	1	1	1/4		1/4	1	29	ornamentShortTrill											
5	4	8	8	0.25	3/8	3/8	Chord	2/4	1	1	1/16		1/16	1	30												
5	4	33/4	33/4	0.25	7/16	7/16	Chord	2/4	1	1	1/16		1/16	1	31												
5	4	13/2	13/2	0.5	0	0	Chord	2/4	2	1	1/8		1/8	1	32												2
5	4	7	7	0.25	1/8	1/8	Chord	2/4	2	1	1/16		1/16	1	33	ornamentShortTrill											3
5	4	29/4	29/4	0.25	3/16	3/16	Chord	2/4	2	1	1/16		1/16	1	34												3
5	4	15/2	15/2	0.25	1/4	1/4	Chord	2/4	2	1	1/16		1/16	1	35												3
5	4	31/4	31/4	0.25	5/16	5/16	Chord	2/4	2	1	1/16		1/16	1	36												3
5	4	8	8	0.25	3/8	3/8	Chord	2/4	2	1	1/16		1/16	1	37												3
5	4	33/4	33/4	0.25	7/16	7/16	Chord	2/4	2	1	1/16		1/16	1	38												
6	5	17/2	17/2	0.5	0	0	Chord	2/4	1	1	1/8		1/8	1	39												
6	5	9	9	0.25	1/8	1/8	Chord	2/4	1	1	1/16		1/16	1	40												
6	5	37/4	37/4	0.25	3/16	3/16	Chord	2/4	1	1	1/16		1/16	1	41												
6	5	19/2	19/2	0.25	1/4	1/4	Chord	2/4	1	1	1/16		1/16	1	42												
6	5	39/4	39/4	0.25	5/16	5/16	Chord	2/4	1	1	1/16		1/16	1	43												
6	5	10	10	0.25	3/8	3/8	Chord	2/4	1	1	1/16		1/16	1	44												
6	5	41/4	41/4	0.25	7/16	7/16	Chord	2/4	1	1	1/16		1/16	1	45												
6	5	17/2	17/2	0.0	0	0	FiguredBass	2/4	2	1	0												1/4	6			
6	5	17/2	17/2	1.0	0	0	Chord	2/4	2	1	1/4		1/4	1	46												4
6	5	10	10	0.25	3/8	3/8	Chord	2/4	2	1	1/16		1/16	1	47												4
6	5	41/4	41/4	0.25	7/16	7/16	Chord	2/4	2	1	1/16		1/16	1	48												
7	6	21/2	21/2	1.0	0	0	Chord	2/4	1	1	1/4		1/4	1	49	ornamentShortTrill											
7	6	47/4	47/4	0.25	5/16	5/16	Chord	2/4	1	1	1/16		1/16	1	50												
7	6	12	12	0.25	3/8	3/8	Chord	2/4	1	1	1/16		1/16	1	51												
7	6	49/4	49/4	0.25	7/16	7/16	Chord	2/4	1	1	1/16		1/16	1	52												
7	6	21/2	21/2	0.25	0	0	Chord	2/4	2	1	1/16		1/16	1	53												
7	6	43/4	43/4	0.25	1/16	1/16	Chord	2/4	2	1	1/16		1/16	1	54												
7	6	11	11	0.25	1/8	1/8	Chord	2/4	2	1	1/16		1/16	1	55												
7	6	45/4	45/4	0.25	3/16	3/16	Chord	2/4	2	1	1/16		1/16	1	56												
7	6	23/2	23/2	0.25	1/4	1/4	Chord	2/4	2	1	1/16		1/16	1	57												
7	6	47/4	47/4	0.25	5/16	5/16	Chord	2/4	2	1	1/16		1/16	1	58												
7	6	12	12	0.25	3/8	3/8	Chord	2/4	2	1	1/16		1/16	1	59												
7	6	49/4	49/4	0.25	7/16	7/16	Chord	2/4	2	1	1/16		1/16	1	60												
8	7	25/2	25/2	0.25	0	0	Chord	2/4	1	1	1/16		1/16	1	61												
8	7	51/4	51/4	0.25	1/16	1/16	Chord	2/4	1	1	1/16		1/16	1	62												
8	7	13	13	0.25	1/8	1/8	Chord	2/4	1	1	1/16		1/16	1	63												
8	7	53/4	53/4	0.25	3/16	3/16	Chord	2/4	1	1	1/16		1/16	1	64												
8	7	27/2	27/2	0.75	1/4	1/4	Chord	2/4	1	1	3/16		1/8	3/2	65	ornamentMordent											
8	7	57/4	57/4	0.25	7/16	7/16	Chord	2/4	1	1	1/16		1/16	1	66												
8	7	25/2	25/2	0.5	0	0	Chord	2/4	2	1	1/8		1/8	1	67												5
8	7	13	13	0.25	1/8	1/8	Chord	2/4	2	1	1/16		1/16	1	68												5
8	7	53/4	53/4	0.25	3/16	3/16	Chord	2/4	2	1	1/16		1/16	1	69												
8	7	27/2	27/2	0.25	1/4	1/4	Chord	2/4	2	1	1/16		1/16	1	70												6
8	7	55/4	55/4	0.25	5/16	5/16	Chord	2/4	2	1	1/16		1/16	1	71												6
8	7	14	14	0.25	3/8	3/8	Chord	2/4	2	1	1/16		1/16	1	72												6
8	7	57/4	57/4	0.25	7/16	7/16	Chord	2/4	2	1	1/16		1/16	1	73												
9	8	29/2	29/2	0.25	0	0	Chord	2/4	1	1	1/16		1/16	1	74												
9	8	59/4	59/4	0.25	1/16	1/16	Chord	2/4	1	1	1/16		1/16	1	75												
9	8	15	15	0.25	1/8	1/8	Chord	2/4	1	1	1/16		1/16	1	76												
9	8	61/4	61/4	0.25	3/16	3/16	Chord	2/4	1	1	1/16		1/16	1	77												
9	8	31/2	31/2	0.75	1/4	1/4	Chord	2/4	1	1	3/16		1/8	3/2	78	ornamentMordent											
9	8	65/4	65/4	0.25	7/16	7/16	Chord	2/4	1	1	1/16		1/16	1	79												
9	8	29/2	29/2	0.0	0	0	FiguredBass	2/4	2	1	0												1/8	h3			
9	8	29/2	29/2	0.5	0	0	Chord	2/4	2	1	1/8		1/8	1	80												7
9	8	15	15	0.25	1/8	1/8	Chord	2/4	2	1	1/16		1/16	1	81												7
9	8	61/4	61/4	0.25	3/16	3/16	Chord	2/4	2	1	1/16		1/16	1	82												
9	8	31/2	31/2	0.0	1/4	1/4	FiguredBass	2/4	2	1	0												1/16	6			
9	8	31/2	31/2	0.25	1/4	1/4	Chord	2/4	2	1	1/16		1/16	1	83												8
9	8	63/4	63/4	0.25	5/16	5/16	Chord	2/4	2	1	1/16		1/16	1	84												8
9	8	16	16	0.25	3/8	3/8	Chord	2/4	2	1	1/16		1/16	1	85												8
9	8	65/4	65/4	0.25	7/16	7/16	Chord	2/4	2	1	1/16		1/16	1	86												
10	9	33/2	33/2	0.25	0	0	Chord	2/4	1	1	1/16		1/16	1	87												
10	9	67/4	67/4	0.25	1/16	1/16	Chord	2/4	1	1	1/16		1/16	1	88												
10	9	17	17	0.25	1/8	1/8	Chord	2/4	1	1	1/16		1/16	1	89												
10	9	69/4	69/4	0.25	3/16	3/16	Chord	2/4	1	1	1/16		1/16	1	90												
10	9	35/2	35/2	0.25	1/4	1/4	Chord	2/4	1	1	1/16		1/16	1	91												
10	9	71/4	71/4	0.25	5/16	5/16	Chord	2/4	1	1	1/16		1/16	1	92												
10	9	18	18	0.25	3/8	3/8	Chord	2/4	1	1	1/16		1/16	1	93												
10	9	73/4	73/4	0.25	7/16	7/16	Chord	2/4	1	1	1/16		1/16	1	94												
10	9	33/2	33/2	0.0	0	0	FiguredBass	2/4	2	1	0												1/4	5_			
10	9	33/2	33/2	0.5	0	0	Chord	2/4	2	1	1/8		1/8	1	95												
10	9	17	17	0.5	1/8	1/8	Chord	2/4	2	1	1/8		1/8	1	96												
10	9	35/2	35/2	0.0	1/4	1/4	FiguredBass	2/4	2	1	0												1/4	6	5_		
10	9	35/2	35/2	0.5	1/4	1/4	Chord	2/4	2	1	1/8		1/8	1	97												
10	9	18	18	0.5	3/8	3/8	Chord	2/4	2	1	1/8		1/8	1	98												
11	10	37/2	37/2	0.5	0	0	Chord	2/4	1	1	1/8		1/8	1	99	ornamentShortTrill											
11	10	19	19	0.5	1/8	1/8	Chord	2/4	1	1	1/8		1/8	1	100												
11	10	20	20	0.5	3/8	3/8	Chord	2/4	1	1	1/8		1/8	1	101												
11	10	37/2	37/2	0.0	0	0	FiguredBass	2/4	2	1	0												1/8	h3			
11	10	37/2	37/2	0.5	0	0	Chord	2/4	2	1	1/8		1/8	1	102												9
11	10	19	19	0.25	1/8	1/8	Chord	2/4	2	1	1/16		1/16	1	103												9
11	10	77/4	77/4	0.25	3/16	3/16	Chord	2/4	2	1	1/16		1/16	1	104												9
11	10	39/2	39/2	0.5	1/4	1/4	Chord	2/4	2	1	1/8		1/8	1	105												9
11	10	20	20	0.5	3/8	3/8	Chord	2/4	2	1	1/8		1/8	1	106												
12	11	41/2	41/2	0.5	0	0	Chord	2/4	1	1	1/8		1/8	1	107	ornamentShortTrill											
12	11	21	21	0.25	1/8	1/8	Chord	2/4	1	1	1/16		1/16	1	108												
12	11	85/4	85/4	0.25	3/16	3/16	Chord	2/4	1	1	1/16		1/16	1	109												
12	11	43/2	43/2	0.5	1/4	1/4	Chord	2/4	1	1	1/8		1/8	1	110												
12	11	22	22	0.5	3/8	3/8	Chord	2/4	1	1	1/8		1/8	1	111												
12	11	41/2	41/2	0.0	0	0	FiguredBass	2/4	2	1	0												1/4	4+_			
12	11	41/2	41/2	0.5	0	0	Chord	2/4	2	1	1/8		1/8	1	112												
12	11	21	21	0.25	1/8	1/8	Chord	2/4	2	1	1/16		1/16	1	113												
12	11	85/4	85/4	0.25	3/16	3/16	Chord	2/4	2	1	1/16		1/16	1	114												
12	11	43/2	43/2	0.0	1/4	1/4	FiguredBass	2/4	2	1	0												1/4	6_			
12	11	43/2	43/2	0.25	1/4	1/4	Chord	2/4	2	1	1/16		1/16	1	115												
12	11	87/4	87/4	0.25	5/16	5/16	Chord	2/4	2	1	1/16		1/16	1	116												
12	11	22	22	0.25	3/8	3/8	Chord	2/4	2	1	1/16		1/16	1	117												
12	11	89/4	89/4	0.25	7/16	7/16	Chord	2/4	2	1	1/16		1/16	1	118												
13	12	45/2	45/2	0.5	0	0	Chord	2/4	1	1	1/8		1/8	1	119												
13	12	23	23	0.5	1/8	1/8	Chord	2/4	1	1	1/8		1/8	1	120												
13	12	47/2	47/2	0.5	1/4	1/4	Chord	2/4	1	1	1/8		1/8	1	121												
13	12	24	24	0.5	3/8	3/8	Chord	2/4	1	1	1/8		1/8	1	122												
13	12	45/2	45/2	0.0	0	0	FiguredBass	2/4	2	1	0												1/4	6_			
13	12	45/2	45/2	0.5	0	0	Chord	2/4	2	1	1/8		1/8	1	123												
13	12	23	23	0.5	1/8	1/8	Chord	2/4	2	1	1/8		1/8	1	124												
13	12	47/2	47/2	0.0	1/4	1/4	FiguredBass	2/4	2	1	0												1/8	5	2		
13	12	47/2	47/2	0.5	1/4	1/4	Chord	2/4	2	1	1/8		1/8	1	125												
13	12	24	24	0.0	3/8	3/8	FiguredBass	2/4	2	1	0												1/8	3			
13	12	24	24	0.5	3/8	3/8	Chord	2/4	2	1	1/8		1/8	1	126												
14	13	49/2	49/2	0.5	0	0	Chord	2/4	1	1	1/8		1/8	1	127												
14	13	25	25	0.5	1/8	1/8	Chord	2/4	1	1	1/8		1/8	1	128												
14	13	51/2	51/2	0.5	1/4	1/4	Chord	2/4	1	1	1/8		1/8	1	129												
14	13	26	26	0.5	3/8	3/8	Chord	2/4	1	1	1/8		1/8	1	130												
14	13	49/2	49/2	0.0	0	0	FiguredBass	2/4	2	1	0												1/8	5	2		
14	13	49/2	49/2	0.5	0	0	Chord	2/4	2	1	1/8		1/8	1	131												
14	13	25	25	0.0	1/8	1/8	FiguredBass	2/4	2	1	0												1/8	3			
14	13	25	25	0.5	1/8	1/8	Chord	2/4	2	1	1/8		1/8	1	132												
14	13	51/2	51/2	0.0	1/4	1/4	FiguredBass	2/4	2	1	0												1/8	5	2		
14	13	51/2	51/2	0.5	1/4	1/4	Chord	2/4	2	1	1/8		1/8	1	133												
14	13	26	26	0.0	3/8	3/8	FiguredBass	2/4	2	1	0												1/8	5/			
14	13	26	26	0.5	3/8	3/8	Chord	2/4	2	1	1/8		1/8	1	134												
15	14	53/2	53/2	0.5	0	0	Chord	2/4	1	1	1/8		1/8	1	135												
15	14	27	27	0.25	1/8	1/8	Chord	2/4	1	1	1/16		1/16	1	136												
15	14	109/4	109/4	0.25	3/16	3/16	Chord	2/4	1	1	1/16		1/16	1	137												
15	14	55/2	55/2	0.25	1/4	1/4	Chord	2/4	1	1	1/16		1/16	1	138												
15	14	111/4	111/4	0.25	5/16	5/16	Chord	2/4	1	1	1/16		1/16	1	139												
15	14	28	28	0.25	3/8	3/8	Chord	2/4	1	1	1/16		1/16	1	140												
15	14	113/4	113/4	0.25	7/16	7/16	Chord	2/4	1	1	1/16		1/16	1	141												
15	14	53/2	53/2	0.5	0	0	Chord	2/4	2	1	1/8		1/8	1	142												
15	14	27	27	0.0	1/8	1/8	FiguredBass	2/4	2	1	0												1/8	6			
15	14	27	27	0.5	1/8	1/8	Chord	2/4	2	1	1/8		1/8	1	143												
15	14	55/2	55/2	0.0	1/4	1/4	FiguredBass	2/4	2	1	0												1/8	6	5		
15	14	55/2	55/2	0.5	1/4	1/4	Chord	2/4	2	1	1/8		1/8	1	144												
15	14	28	28	0.5	3/8	3/8	Chord	2/4	2	1	1/8		1/8	1	145												
16	15	57/2	57/2	0.5	0	0	Chord	2/4	1	1	1/8		1/8	1	146												
16	15	29	29	0.5	1/8	1/8	Chord	2/4	1	1	1/8		1/8	1	147												
16	15	59/2	59/2	0.75	1/4	1/4	Chord	2/4	1	1	3/16		1/8	3/2	148	ornamentShortTrill											
16	15	121/4	121/4	0.25	7/16	7/16	Chord	2/4	1	1	1/16		1/16	1	149												
16	15	57/2	57/2	0.0	0	0	FiguredBass	2/4	2	1	0												1/8	h3			
16	15	57/2	57/2	0.5	0	0	Chord	2/4	2	1	1/8		1/8	1	150												
16	15	29	29	0.5	1/8	1/8	Chord	2/4	2	1	1/8		1/8	1	151												
16	15	59/2	59/2	0.0	1/4	1/4	FiguredBass	2/4	2	1	0												1/4	h3_			
16	15	59/2	59/2	0.5	1/4	1/4	Chord	2/4	2	1	1/8		1/8	1	152												
16	15	30	30	0.5	3/8	3/8	Chord	2/4	2	1	1/8		1/8	1	153												
17	16	61/2	61/2	1.5	0	0	Chord	2/4	1	1	3/8		1/4	3/2	154												
17	16	61/2	61/2	1.5	0	0	Chord	2/4	2	1	3/8		1/4	3/2	155												
18	16	32	32	0.5	0	3/8	Chord	2/4	1	1	1/8		1/8	1	156												
18	16	32	32	0.5	0	3/8	Chord	2/4	2	1	1/8		1/8	1	157												
19	17	65/2	65/2	0.5	0	0	Chord	2/4	1	1	1/8		1/8	1	158	ornamentShortTrill											
19	17	33	33	0.25	1/8	1/8	Chord	2/4	1	1	1/16		1/16	1	159												
19	17	133/4	133/4	0.25	3/16	3/16	Chord	2/4	1	1	1/16		1/16	1	160												
19	17	67/2	67/2	0.5	1/4	1/4	Chord	2/4	1	1	1/8		1/8	1	161												
19	17	34	34	0.5	3/8	3/8	Chord	2/4	1	1	1/8		1/8	1	162												
19	17	65/2	65/2	0.0	0	0	FiguredBass	2/4	2	1	0												1/4	4			
19	17	65/2	65/2	1.0	0	0	Chord	2/4	2	1	1/4		1/4	1	163												10
19	17	34	34	0.5	3/8	3/8	Chord	2/4	2	1	1/8		1/8	1	164												
20	18	69/2	69/2	0.5	0	0	Chord	2/4	1	1	1/8		1/8	1	165												
20	18	35	35	0.5	1/8	1/8	Chord	2/4	1	1	1/8		1/8	1	166												
20	18	71/2	71/2	0.5	1/4	1/4	Chord	2/4	1	1	1/8		1/8	1	167												
20	18	36	36	0.5	3/8	3/8	Chord	2/4	1	1	1/8		1/8	1	168												
20	18	69/2	69/2	0.0	0	0	FiguredBass	2/4	2	1	0												1/4	6_			
20	18	69/2	69/2	0.5	0	0	Chord	2/4	2	1	1/8		1/8	1	169												
20	18	35	35	0.5	1/8	1/8	Chord	2/4	2	1	1/8		1/8	1	170												
20	18	71/2	71/2	0.0	1/4	1/4	FiguredBass	2/4	2	1	0												1/8	6	5		
20	18	71/2	71/2	0.5	1/4	1/4	Chord	2/4	2	1	1/8		1/8	1	171												
20	18	36	36	0.0	3/8	3/8	FiguredBass	2/4	2	1	0												1/8	7			
20	18	36	36	0.5	3/8	3/8	Chord	2/4	2	1	1/8		1/8	1	172												
21	19	73/2	73/2	0.5	0	0	Chord	2/4	1	1	1/8		1/8	1	173												
21	19	37	37	0.25	1/8	1/8	Chord	2/4	1	1	1/16		1/16	1	174												
21	19	149/4	149/4	0.25	3/16	3/16	Chord	2/4	1	1	1/16		1/16	1	175												
21	19	75/2	75/2	0.5	1/4	1/4	Chord	2/4	1	1	1/8		1/8	1	176												
21	19	38	38	0.5	3/8	3/8	Chord	2/4	1	1	1/8		1/8	1	177												
21	19	73/2	73/2	0.0	0	0	FiguredBass	2/4	2	1	0												1/8	5/			
21	19	73/2	73/2	0.5	0	0	Chord	2/4	2	1	1/8		1/8	1	178												
21	19	37	37	0.0	1/8	1/8	FiguredBass	2/4	2	1	0												1/8	3			
21	19	37	37	1.0	1/8	1/8	Chord	2/4	2	1	1/4		1/4	1	179												
21	19	75/2	75/2	0.0	1/4	1/4	FiguredBass	2/4	2	1	0												1/8	4	3		
21	19	38	38	0.0	3/8	3/8	FiguredBass	2/4	2	1	0												1/8	5/			
21	19	38	38	0.5	3/8	3/8	Chord	2/4	2	1	1/8		1/8	1	180												
22	20	77/2	77/2	0.5	0	0	Chord	2/4	1	1	1/8		1/8	1	181	ornamentShortTrill											
22	20	39	39	0.25	1/8	1/8	Chord	2/4	1	1	1/16		1/16	1	182												
22	20	157/4	157/4	0.25	3/16	3/16	Chord	2/4	1	1	1/16		1/16	1	183												
22	20	79/2	79/2	0.5	1/4	1/4	Chord	2/4	1	1	1/8		1/8	1	184												
22	20	40	40	0.5	3/8	3/8	Chord	2/4	1	1	1/8		1/8	1	185												
22	20	77/2	77/2	1.0	0	0	Chord	2/4	2	1	1/4		1/4	1	186												
23	21	81/2	81/2	0.5	0	0	Chord	2/4	1	1	1/8		1/8	1	187												
23	21	41	41	0.25	1/8	1/8	Chord	2/4	1	1	1/16		1/16	1	188												
23	21	165/4	165/4	0.25	3/16	3/16	Chord	2/4	1	1	1/16		1/16	1	189												
23	21	83/2	83/2	0.5	1/4	1/4	Chord	2/4	1	1	1/8		1/8	1	190												
23	21	42	42	0.5	3/8	3/8	Chord	2/4	1	1	1/8		1/8	1	191												
23	21	81/2	81/2	0.0	0	0	FiguredBass	2/4	2	1	0												1/4	5/			
23	21	81/2	81/2	1.0	0	0	Chord	2/4	2	1	1/4		1/4	1	192												
24	22	85/2	85/2	0.5	0	0	Chord	2/4	1	1	1/8		1/8	1	193												
24	22	43	43	0.25	1/8	1/8	Chord	2/4	1	1	1/16		1/16	1	194												
24	22	173/4	173/4	0.25	3/16	3/16	Chord	2/4	1	1	1/16		1/16	1	195												
24	22	87/2	87/2	0.5	1/4	1/4	Chord	2/4	1	1	1/8		1/8	1	196												
24	22	44	44	0.25	3/8	3/8	Chord	2/4	1	1	1/16		1/16	1	197												
24	22	177/4	177/4	0.25	7/16	7/16	Chord	2/4	1	1	1/16		1/16	1	198												
24	22	85/2	85/2	0.5	0	0	Chord	2/4	2	1	1/8		1/8	1	199												
24	22	43	43	0.0	1/8	1/8	FiguredBass	2/4	2	1	0												1/8	6			
24	22	43	43	0.5	1/8	1/8	Chord	2/4	2	1	1/8		1/8	1	200												
24	22	87/2	87/2	0.0	1/4	1/4	FiguredBass	2/4	2	1	0												1/8	6	5		
24	22	87/2	87/2	0.5	1/4	1/4	Chord	2/4	2	1	1/8		1/8	1	201												
24	22	44	44	0.0	3/8	3/8	FiguredBass	2/4	2	1	0												1/8	7	b3		
24	22	44	44	0.5	3/8	3/8	Chord	2/4	2	1	1/8		1/8	1	202												
25	23	89/2	89/2	0.5	0	0	Chord	2/4	1	1	1/8		1/8	1	203												
25	23	45	45	0.25	1/8	1/8	Chord	2/4	1	1	1/16		1/16	1	204												
25	23	181/4	181/4	0.25	3/16	3/16	Chord	2/4	1	1	1/16		1/16	1	205												
25	23	91/2	91/2	0.75	1/4	1/4	Chord	2/4	1	1	3/16		1/8	3/2	206	ornamentShortTrill											
25	23	185/4	185/4	0.25	7/16	7/16	Chord	2/4	1	1	1/16		1/16	1	207												
25	23	89/2	89/2	0.5	0	0	Chord	2/4	2	1	1/8		1/8	1	208												
25	23	45	45	0.5	1/8	1/8	Chord	2/4	2	1	1/8		1/8	1	209												
25	23	91/2	91/2	0.0	1/4	1/4	FiguredBass	2/4	2	1	0												1/4	3_			
25	23	91/2	91/2	0.5	1/4	1/4	Chord	2/4	2	1	1/8		1/8	1	210												
25	23	46	46	0.0	3/8	3/8	FiguredBass	2/4	2	1	0												1/8	b7			
25	23	46	46	0.5	3/8	3/8	Chord	2/4	2	1	1/8		1/8	1	211												
26	24	93/2	93/2	0.5	0	0	Chord	2/4	1	1	1/8		1/8	1	212												
26	24	47	47	0.25	1/8	1/8	Chord	2/4	1	1	1/16		1/16	1	213												
26	24	189/4	189/4	0.25	3/16	3/16	Chord	2/4	1	1	1/16		1/16	1	214												
26	24	95/2	95/2	0.5	1/4	1/4	Chord	2/4	1	1	1/8		1/8	1	215												
26	24	48	48	0.5	3/8	3/8	Chord	2/4	1	1	1/8		1/8	1	216												
26	24	93/2	93/2	1.0	0	0	Chord	2/4	2	1	1/4		1/4	1	217												
26	24	48	48	0.0	3/8	3/8	FiguredBass	2/4	2	1	0												1/8	6			
26	24	48	48	0.5	3/8	3/8	Chord	2/4	2	1	1/8		1/8	1	218												
27	25	97/2	97/2	0.5	0	0	Chord	2/4	1	1	1/8		1/8	1	219												
27	25	49	49	0.5	1/8	1/8	Chord	2/4	1	1	1/8		1/8	1	220												
27	25	99/2	99/2	0.5	1/4	1/4	Chord	2/4	1	1	1/8		1/8	1	221												
27	25	50	50	0.5	3/8	3/8	Chord	2/4	1	1	1/8		1/8	1	222												
27	25	97/2	97/2	0.0	0	0	FiguredBass	2/4	2	1	0												1/8	5	b3	2	
27	25	97/2	97/2	0.5	0	0	Chord	2/4	2	1	1/8		1/8	1	223												
27	25	49	49	0.0	1/8	1/8	FiguredBass	2/4	2	1	0												1/8	8	5/		
27	25	49	49	0.5	1/8	1/8	Chord	2/4	2	1	1/8		1/8	1	224												
27	25	99/2	99/2	0.0	1/4	1/4	FiguredBass	2/4	2	1	0												1/8	h5	2		
27	25	99/2	99/2	0.5	1/4	1/4	Chord	2/4	2	1	1/8		1/8	1	225												
27	25	50	50	0.0	3/8	3/8	FiguredBass	2/4	2	1	0												1/8	3			
27	25	50	50	0.5	3/8	3/8	Chord	2/4	2	1	1/8		1/8	1	226												
28	26	101/2	101/2	0.5	0	0	Chord	2/4	1	1	1/8		1/8	1	227												
28	26	51	51	0.5	1/8	1/8	Chord	2/4	1	1	1/8		1/8	1	228												
28	26	103/2	103/2	0.25	1/4	1/4	Chord	2/4	1	1	1/16		1/16	1	229												
28	26	207/4	207/4	0.25	5/16	5/16	Chord	2/4	1	1	1/16		1/16	1	230												
28	26	52	52	0.25	3/8	3/8	Chord	2/4	1	1	1/16		1/16	1	231												
28	26	209/4	209/4	0.25	7/16	7/16	Chord	2/4	1	1	1/16		1/16	1	232												
28	26	101/2	101/2	0.0	0	0	FiguredBass	2/4	2	1	0												1/8	5/	2		
28	26	101/2	101/2	0.5	0	0	Chord	2/4	2	1	1/8		1/8	1	233												
28	26	51	51	0.0	1/8	1/8	FiguredBass	2/4	2	1	0												1/8	6	5/		
28	26	51	51	0.5	1/8	1/8	Chord	2/4	2	1	1/8		1/8	1	234												
28	26	103/2	103/2	0.5	1/4	1/4	Chord	2/4	2	1	1/8		1/8	1	235												
28	26	52	52	0.0	3/8	3/8	FiguredBass	2/4	2	1	0												1/8	6			
28	26	52	52	0.5	3/8	3/8	Chord	2/4	2	1	1/8		1/8	1	236												
29	27	105/2	105/2	0.25	0	0	Chord	2/4	1	1	1/16		1/16	1	237												
29	27	211/4	211/4	0.25	1/16	1/16	Chord	2/4	1	1	1/16		1/16	1	238												
29	27	53	53	0.25	1/8	1/8	Chord	2/4	1	1	1/16		1/16	1	239												
29	27	213/4	213/4	0.25	3/16	3/16	Chord	2/4	1	1	1/16		1/16	1	240												
29	27	107/2	107/2	0.75	1/4	1/4	Chord	2/4	1	1	3/16		1/8	3/2	241	ornamentShortTrill											
29	27	217/4	217/4	0.25	7/16	7/16	Chord	2/4	1	1	1/16		1/16	1	242												
29	27	105/2	105/2	0.0	0	0	FiguredBass	2/4	2	1	0												1/4	6	5_		
29	27	105/2	105/2	0.5	0	0	Chord	2/4	2	1	1/8		1/8	1	243												
29	27	53	53	0.5	1/8	1/8	Chord	2/4	2	1	1/8		1/8	1	244												
29	27	107/2	107/2	0.0	1/4	1/4	FiguredBass	2/4	2	1	0												1/8	h3			
29	27	107/2	107/2	0.5	1/4	1/4	Chord	2/4	2	1	1/8		1/8	1	245												
29	27	54	54	0.5	3/8	3/8	Chord	2/4	2	1	1/8		1/8	1	246												
30	28	109/2	109/2	0.25	0	0	Chord	2/4	1	1	1/16		1/16	1	247												
30	28	219/4	219/4	0.25	1/16	1/16	Chord	2/4	1	1	1/16		1/16	1	248												
30	28	55	55	0.25	1/8	1/8	Chord	2/4	1	1	1/16		1/16	1	249												
30	28	221/4	221/4	0.25	3/16	3/16	Chord	2/4	1	1	1/16		1/16	1	250												
30	28	111/2	111/2	0.25	1/4	1/4	Chord	2/4	1	1	1/16		1/16	1	251												
30	28	223/4	223/4	0.25	5/16	5/16	Chord	2/4	1	1	1/16		1/16	1	252												
30	28	56	56	0.25	3/8	3/8	Chord	2/4	1	1	1/16		1/16	1	253												
30	28	225/4	225/4	0.25	7/16	7/16	Chord	2/4	1	1	1/16		1/16	1	254												
30	28	109/2	109/2	0.0	0	0	FiguredBass	2/4	2	1	0												1/4	h3_			
30	28	109/2	109/2	0.5	0	0	Chord	2/4	2	1	1/8		1/8	1	255												
30	28	55	55	1.0	1/8	1/8	Chord	2/4	2	1	1/4		1/4	1	256												
30	28	111/2	111/2	0.0	1/4	1/4	FiguredBass	2/4	2	1	0												1/4	b6	4_		
30	28	56	56	0.0	3/8	3/8	FiguredBass	2/4	2	1	0												1/8	4+			
30	28	56	56	0.5	3/8	3/8	Chord	2/4	2	1	1/8		1/8	1	257												
31	29	113/2	113/2	0.5	0	0	Chord	2/4	1	1	1/8		1/8	1	258												
31	29	57	57	0.25	1/8	1/8	Chord	2/4	1	1	1/16		1/16	1	259												
31	29	229/4	229/4	0.25	3/16	3/16	Chord	2/4	1	1	1/16		1/16	1	260												
31	29	115/2	115/2	0.75	1/4	1/4	Chord	2/4	1	1	3/16		1/8	3/2	261	ornamentShortTrill											
31	29	233/4	233/4	0.25	7/16	7/16	Chord	2/4	1	1	1/16		1/16	1	262												
31	29	113/2	113/2	0.0	0	0	FiguredBass	2/4	2	1	0												1/4	6_			
31	29	113/2	113/2	0.5	0	0	Chord	2/4	2	1	1/8		1/8	1	263												
31	29	57	57	0.5	1/8	1/8	Chord	2/4	2	1	1/8		1/8	1	264												
31	29	115/2	115/2	0.0	1/4	1/4	FiguredBass	2/4	2	1	0												1/4	h3_			
31	29	115/2	115/2	0.5	1/4	1/4	Chord	2/4	2	1	1/8		1/8	1	265												
31	29	58	58	0.5	3/8	3/8	Chord	2/4	2	1	1/8		1/8	1	266												
32	30	117/2	117/2	0.5	0	0	Chord	2/4	1	1	1/8		1/8	1	267												
32	30	59	59	0.25	1/8	1/8	Chord	2/4	1	1	1/16		1/16	1	268												
32	30	237/4	237/4	0.25	3/16	3/16	Chord	2/4	1	1	1/16		1/16	1	269												
32	30	119/2	119/2	0.5	1/4	1/4	Chord	2/4	1	1	1/8		1/8	1	270												
32	30	60	60	0.5	3/8	3/8	Chord	2/4	1	1	1/8		1/8	1	271												
32	30	117/2	117/2	1.0	0	0	Chord	2/4	2	1	1/4		1/4	1	272												
32	30	60	60	0.5	3/8	3/8	Chord	2/4	2	1	1/8		1/8	1	273												
33	31	121/2	121/2	0.25	0	0	Chord	2/4	1	1	1/16		1/16	1	274												
33	31	243/4	243/4	0.25	1/16	1/16	Chord	2/4	1	1	1/16		1/16	1	275												
33	31	61	61	0.25	1/8	1/8	Chord	2/4	1	1	1/16		1/16	1	276												
33	31	245/4	245/4	0.25	3/16	3/16	Chord	2/4	1	1	1/16		1/16	1	277												
33	31	123/2	123/2	0.25	1/4	1/4	Chord	2/4	1	1	1/16		1/16	1	278												
33	31	247/4	247/4	0.25	5/16	5/16	Chord	2/4	1	1	1/16		1/16	1	279												
33	31	62	62	0.25	3/8	3/8	Chord	2/4	1	1	1/16		1/16	1	280												
33	31	249/4	249/4	0.25	7/16	7/16	Chord	2/4	1	1	1/16		1/16	1	281												
33	31	121/2	121/2	0.0	0	0	FiguredBass	2/4	2	1	0												1/8	5/			
33	31	121/2	121/2	0.5	0	0	Chord	2/4	2	1	1/8		1/8	1	282												
33	31	61	61	0.5	1/8	1/8	Chord	2/4	2	1	1/8		1/8	1	283												
33	31	123/2	123/2	0.0	1/4	1/4	FiguredBass	2/4	2	1	0												1/8	6	5		
33	31	123/2	123/2	0.5	1/4	1/4	Chord	2/4	2	1	1/8		1/8	1	284												
33	31	62	62	0.0	3/8	3/8	FiguredBass	2/4	2	1	0												1/8	5/			
33	31	62	62	0.5	3/8	3/8	Chord	2/4	2	1	1/8		1/8	1	285												
34	32	125/2	125/2	0.25	0	0	Chord	2/4	1	1	1/16		1/16	1	286												
34	32	251/4	251/4	0.25	1/16	1/16	Chord	2/4	1	1	1/16		1/16	1	287												
34	32	63	63	0.25	1/8	1/8	Chord	2/4	1	1	1/16		1/16	1	288												
34	32	253/4	253/4	0.25	3/16	3/16	Chord	2/4	1	1	1/16		1/16	1	289												
34	32	127/2	127/2	0.25	1/4	1/4	Chord	2/4	1	1	1/16		1/16	1	290												
34	32	255/4	255/4	0.25	5/16	5/16	Chord	2/4	1	1	1/16		1/16	1	291												
34	32	64	64	0.25	3/8	3/8	Chord	2/4	1	1	1/16		1/16	1	292												
34	32	257/4	257/4	0.25	7/16	7/16	Chord	2/4	1	1	1/16		1/16	1	293												
34	32	125/2	125/2	0.0	0	0	FiguredBass	2/4	2	1	0												1/8	5	2		
34	32	125/2	125/2	0.5	0	0	Chord	2/4	2	1	1/8		1/8	1	294												
34	32	63	63	0.0	1/8	1/8	FiguredBass	2/4	2	1	0												1/8	6			
34	32	63	63	0.5	1/8	1/8	Chord	2/4	2	1	1/8		1/8	1	295												
34	32	127/2	127/2	0.0	1/4	1/4	FiguredBass	2/4	2	1	0												1/4	6	5_		
34	32	127/2	127/2	0.5	1/4	1/4	Chord	2/4	2	1	1/8		1/8	1	296												
34	32	64	64	0.5	3/8	3/8	Chord	2/4	2	1	1/8		1/8	1	297												
35	33	129/2	129/2	0.75	0	0	Chord	2/4	1	1	3/16		1/8	3/2	298	ornamentShortTrill											11
35	33	261/4	261/4	0.08333333333333333	3/16	3/16	Chord	2/4	1	1	1/48		1/32	2/3	299												11
35	33	196/3	196/3	0.08333333333333333	5/24	5/24	Chord	2/4	1	1	1/48		1/32	2/3	300												11
35	33	785/12	785/12	0.08333333333333333	11/48	11/48	Chord	2/4	1	1	1/48		1/32	2/3	301												11
35	33	131/2	131/2	0.75	1/4	1/4	Chord	2/4	1	1	3/16		1/8	3/2	302	ornamentShortTrill											11
35	33	265/4	265/4	0.125	7/16	7/16	Chord	2/4	1	1	1/32		1/32	1	303												11
35	33	531/8	531/8	0.125	15/32	15/32	Chord	2/4	1	1	1/32		1/32	1	304												
35	33	129/2	129/2	0.0	0	0	FiguredBass	2/4	2	1	0												1/4	_			
35	33	129/2	129/2	0.25	0	0	Chord	2/4	2	1	1/16		1/16	1	305												
35	33	259/4	259/4	0.25	1/16	1/16	Chord	2/4	2	1	1/16		1/16	1	306												
35	33	65	65	0.25	1/8	1/8	Chord	2/4	2	1	1/16		1/16	1	307												
35	33	261/4	261/4	0.25	3/16	3/16	Chord	2/4	2	1	1/16		1/16	1	308												
35	33	131/2	131/2	1.0	1/4	1/4	Chord	2/4	2	1	1/4		1/4	1	309												
36	34	133/2	133/2	0.5	0	0	Chord	2/4	1	1	1/8		1/8	1	310												
36	34	67	67	0.5	1/8	1/8	Chord	2/4	1	1	1/8		1/8	1	311												
36	34	133/2	133/2	0.5	0	0	Chord	2/4	2	1	1/8		1/8	1	312												12
36	34	67	67	0.25	1/8	1/8	Chord	2/4	2	1	1/16		1/16	1	313												12
36	34	269/4	269/4	0.25	3/16	3/16	Chord	2/4	2	1	1/16		1/16	1	314												12
36	34	135/2	135/2	0.5	1/4	1/4	Chord	2/4	2	1	1/8		1/8	1	315												12
36	34	68	68	0.5	3/8	3/8	Chord	2/4	2	1	1/8		1/8	1	316												
37	35	69	69	0.25	1/8	1/8	Chord	2/4	1	1	1/16		1/16	1	317												
37	35	277/4	277/4	0.25	3/16	3/16	Chord	2/4	1	1	1/16		1/16	1	318												
37	35	139/2	139/2	0.5	1/4	1/4	Chord	2/4	1	1	1/8		1/8	1	319												
37	35	70	70	0.5	3/8	3/8	Chord	2/4	1	1	1/8		1/8	1	320												
37	35	137/2	137/2	0.0	0	0	FiguredBass	2/4	2	1	0												1/8	4+			
37	35	137/2	137/2	0.5	0	0	Chord	2/4	2	1	1/8		1/8	1	321												13
37	35	69	69	0.25	1/8	1/8	Chord	2/4	2	1	1/16		1/16	1	322												13
37	35	277/4	277/4	0.25	3/16	3/16	Chord	2/4	2	1	1/16		1/16	1	323												13
37	35	139/2	139/2	0.25	1/4	1/4	Chord	2/4	2	1	1/16		1/16	1	324												13
37	35	279/4	279/4	0.25	5/16	5/16	Chord	2/4	2	1	1/16		1/16	1	325												13
37	35	70	70	0.25	3/8	3/8	Chord	2/4	2	1	1/16		1/16	1	326												13
37	35	281/4	281/4	0.25	7/16	7/16	Chord	2/4	2	1	1/16		1/16	1	327												
38	36	141/2	141/2	0.5	0	0	Chord	2/4	1	1	1/8		1/8	1	328												
38	36	71	71	0.25	1/8	1/8	Chord	2/4	1	1	1/16		1/16	1	329												
38	36	285/4	285/4	0.25	3/16	3/16	Chord	2/4	1	1	1/16		1/16	1	330												
38	36	143/2	143/2	0.25	1/4	1/4	Chord	2/4	1	1	1/16		1/16	1	331												
38	36	287/4	287/4	0.25	5/16	5/16	Chord	2/4	1	1	1/16		1/16	1	332												
38	36	72	72	0.25	3/8	3/8	Chord	2/4	1	1	1/16		1/16	1	333												
38	36	289/4	289/4	0.25	7/16	7/16	Chord	2/4	1	1	1/16		1/16	1	334												
38	36	141/2	141/2	0.0	0	0	FiguredBass	2/4	2	1	0												1/8	6			
38	36	141/2	141/2	0.5	0	0	Chord	2/4	2	1	1/8		1/8	1	335												
38	36	71	71	0.5	1/8	1/8	Chord	2/4	2	1	1/8		1/8	1	336												
38	36	143/2	143/2	0.0	1/4	1/4	FiguredBass	2/4	2	1	0												1/4	6	5_		
38	36	143/2	143/2	0.5	1/4	1/4	Chord	2/4	2	1	1/8		1/8	1	337												
38	36	72	72	0.5	3/8	3/8	Chord	2/4	2	1	1/8		1/8	1	338												
39	37	145/2	145/2	0.5	0	0	Chord	2/4	1	1	1/8		1/8	1	339												
39	37	73	73	0.5	1/8	1/8	Chord	2/4	1	1	1/8		1/8	1	340												
39	37	147/2	147/2	0.75	1/4	1/4	Chord	2/4	1	1	3/16		1/8	3/2	341	ornamentShortTrill											
39	37	297/4	297/4	0.25	7/16	7/16	Chord	2/4	1	1	1/16		1/16	1	342												
39	37	145/2	145/2	0.5	0	0	Chord	2/4	2	1	1/8		1/8	1	343												
39	37	73	73	0.5	1/8	1/8	Chord	2/4	2	1	1/8		1/8	1	344												
39	37	147/2	147/2	0.0	1/4	1/4	FiguredBass	2/4	2	1	0												1/4	5	4_		
39	37	147/2	147/2	0.5	1/4	1/4	Chord	2/4	2	1	1/8		1/8	1	345												
39	37	74	74	0.0	3/8	3/8	FiguredBass	2/4	2	1	0												1/8	7	3		
39	37	74	74	0.5	3/8	3/8	Chord	2/4	2	1	1/8		1/8	1	346												
40	38	149/2	149/2	0.0	0	0	StaffText	2/4	1	1	0						)										
40	38	149/2	149/2	0.5	0	0	Chord	2/4	1	1	1/8		1/8	1	347												
40	38	75	75	0.25	1/8	1/8	Chord	2/4	1	1	1/16		1/16	1	348												
40	38	301/4	301/4	0.25	3/16	3/16	Chord	2/4	1	1	1/16		1/16	1	349												
40	38	151/2	151/2	0.5	1/4	1/4	Chord	2/4	1	1	1/8		1/8	1	350												
40	38	76	76	0.5	3/8	3/8	Chord	2/4	1	1	1/8		1/8	1	351												
40	38	149/2	149/2	0.5	0	0	Chord	2/4	2	1	1/8		1/8	1	352												
41	39	153/2	153/2	0.5	0	0	Chord	2/4	1	1	1/8		1/8	1	353												
41	39	77	77	0.25	1/8	1/8	Chord	2/4	1	1	1/16		1/16	1	354												
41	39	309/4	309/4	0.25	3/16	3/16	Chord	2/4	1	1	1/16		1/16	1	355												
41	39	155/2	155/2	0.5	1/4	1/4	Chord	2/4	1	1	1/8		1/8	1	356												
41	39	78	78	0.5	3/8	3/8	Chord	2/4	1	1	1/8		1/8	1	357												
41	39	153/2	153/2	0.0	0	0	FiguredBass	2/4	2	1	0												1/8	5/			
41	39	153/2	153/2	0.5	0	0	Chord	2/4	2	1	1/8		1/8	1	358												
42	40	157/2	157/2	0.0	0	0	StaffText	2/4	1	1	0						)										
42	40	157/2	157/2	0.5	0	0	Chord	2/4	1	1	1/8		1/8	1	359												
42	40	79	79	0.25	1/8	1/8	Chord	2/4	1	1	1/16		1/16	1	360												
42	40	317/4	317/4	0.25	3/16	3/16	Chord	2/4	1	1	1/16		1/16	1	361												
42	40	159/2	159/2	0.5	1/4	1/4	Chord	2/4	1	1	1/8		1/8	1	362												
42	40	80	80	0.5	3/8	3/8	Chord	2/4	1	1	1/8		1/8	1	363												
42	40	157/2	157/2	0.5	0	0	Chord	2/4	2	1	1/8		1/8	1	364												
43	41	161/2	161/2	0.5	0	0	Chord	2/4	1	1	1/8		1/8	1	365												
43	41	81	81	0.25	1/8	1/8	Chord	2/4	1	1	1/16		1/16	1	366												
43	41	325/4	325/4	0.25	3/16	3/16	Chord	2/4	1	1	1/16		1/16	1	367												
43	41	163/2	163/2	0.25	1/4	1/4	Chord	2/4	1	1	1/16		1/16	1	368												
43	41	327/4	327/4	0.25	5/16	5/16	Chord	2/4	1	1	1/16		1/16	1	369												
43	41	82	82	0.25	3/8	3/8	Chord	2/4	1	1	1/16		1/16	1	370												
43	41	329/4	329/4	0.25	7/16	7/16	Chord	2/4	1	1	1/16		1/16	1	371												
43	41	161/2	161/2	0.0	0	0	FiguredBass	2/4	2	1	0												1/8	5/			
43	41	161/2	161/2	0.5	0	0	Chord	2/4	2	1	1/8		1/8	1	372												
44	42	165/2	165/2	0.75	0	0	Chord	2/4	1	1	3/16		1/8	3/2	373	ornamentShortTrill											
44	42	333/4	333/4	0.25	3/16	3/16	Chord	2/4	1	1	1/16		1/16	1	374												
44	42	167/2	167/2	0.25	1/4	1/4	Chord	2/4	1	1	1/16		1/16	1	375												
44	42	335/4	335/4	0.25	5/16	5/16	Chord	2/4	1	1	1/16		1/16	1	376												
44	42	84	84	0.25	3/8	3/8	Chord	2/4	1	1	1/16		1/16	1	377	ornamentShortTrill											
44	42	337/4	337/4	0.25	7/16	7/16	Chord	2/4	1	1	1/16		1/16	1	378												
44	42	165/2	165/2	0.25	0	0	Chord	2/4	2	1	1/16		1/16	1	379												14
44	42	331/4	331/4	0.25	1/16	1/16	Chord	2/4	2	1	1/16		1/16	1	380												14
44	42	83	83	0.25	1/8	1/8	Chord	2/4	2	1	1/16		1/16	1	381												14
44	42	333/4	333/4	0.25	3/16	3/16	Chord	2/4	2	1	1/16		1/16	1	382												14
44	42	167/2	167/2	0.25	1/4	1/4	Chord	2/4	2	1	1/16		1/16	1	383												14
44	42	335/4	335/4	0.25	5/16	5/16	Chord	2/4	2	1	1/16		1/16	1	384												14
44	42	84	84	0.25	3/8	3/8	Chord	2/4	2	1	1/16		1/16	1	385												14
44	42	337/4	337/4	0.25	7/16	7/16	Chord	2/4	2	1	1/16		1/16	1	386												
45	43	169/2	169/2	0.0	0	0	Chord	2/4	1	1	0	appoggiatura	1/8	1	387												
45	43	169/2	169/2	0.75	0	0	Chord	2/4	1	1	3/16		1/8	3/2	388	ornamentMordent											
45	43	341/4	341/4	0.25	3/16	3/16	Chord	2/4	1	1	1/16		1/16	1	389												
45	43	171/2	171/2	0.75	1/4	1/4	Chord	2/4	1	1	3/16		1/8	3/2	390	ornamentShortTrill											
45	43	345/4	345/4	0.25	7/16	7/16	Chord	2/4	1	1	1/16		1/16	1	391												
45	43	169/2	169/2	0.5	0	0	Chord	2/4	2	1	1/8		1/8	1	392												
45	43	85	85	0.0	1/8	1/8	FiguredBass	2/4	2	1	0												1/8	6	5		
45	43	85	85	0.5	1/8	1/8	Chord	2/4	2	1	1/8		1/8	1	393												
45	43	171/2	171/2	0.0	1/4	1/4	FiguredBass	2/4	2	1	0												1/4	5	4_		
45	43	171/2	171/2	0.5	1/4	1/4	Chord	2/4	2	1	1/8		1/8	1	394												
45	43	86	86	0.0	3/8	3/8	FiguredBass	2/4	2	1	0												1/8	7	3		
45	43	86	86	0.5	3/8	3/8	Chord	2/4	2	1	1/8		1/8	1	395												
46	44	173/2	173/2	1.5	0	0	Chord	2/4	1	1	3/8		1/4	3/2	396												
46	44	173/2	173/2	1.5	0	0	Chord	2/4	2	1	3/8		1/4	3/2	397												
